0.125 0.125 7
0.125 0.25 7
0.125 0.375 7
0.125 0.5 7
0.125 0.625 7
0.125 0.75 7
0.125 0.875 7
0.16667 0.16667 5
0.16667 0.33334 5
0.16667 0.5 5
0.16667 0.66667 5
0.16667 0.83334 5
0.25 0.25 7
0.25 0.375 7
0.25 0.5 7
0.25 0.625 7
0.25 0.75 7
0.25 0.875 7
0.33334 0.33334 5
0.33334 0.5 5
0.33334 0.66667 5
0.33334 0.83334 5
0.375 0.375 7
0.375 0.5 7
0.375 0.625 7
0.375 0.75 7
0.375 0.875 7
0.5 0.5 7
0.5 0.625 7
0.5 0.66667 5
0.5 0.75 7
0.5 0.83334 5
0.5 0.875 7
0.625 0.625 7
0.625 0.75 7
0.625 0.875 7
0.66667 0.66667 5
0.66667 0.83334 5
0.75 0.75 7
0.75 0.875 7
0.83334 0.83334 5
0.875 0.875 7